07060706
06070607
07070607
06060707
06060707
06060606
06070706
07070706
06060707
06060706
07070606
06060707
07070707
07060607
07060707
06060607
06070606
06070606
07060707
07060607
07060706
07060607
07070706
06060606
07070606
06070606
07070607
07070606
07070607
07060606
07070606
06060606
06070706
07070606
06070707
07060606
06060606
07060606
06070606
06070706
07070707
07060706
07050607
06070606
06060706
07070606
06060507
07060607
07070707
06060607
07070606
06060706
07070606
06060607
07060706
06060606
07070607
06060606
07060607
07060706
07070706
06060606
07060606
07070607
