09090908
08080908
09080809
08080809
08080908
09090808
08080808
08090809
09090808
08090908
09080808
09090909
09080808
08080908
08090908
08090809
08080808
09080809
09080808
07080808
09080908
08080909
08080809
08080808
08080909
09090808
09090808
09080908
09090808
08080808
09090808
09090909
08090809
09080809
08090908
08090809
08080808
09080809
08080908
08080808
09090808
08080809
08080809
09080909
08080908
09080808
09080909
09090808
08080908
08080809
08080808
08090809
09080908
08090808
08080808
08080808
08090908
08080909
09080808
08080809
08080909
08080809
09080808
08080809
